137000.000000,
168000.000000,
137000.000000,
141000.000000,
150000.000000,
174000.000000,
156000.000000,
128000.000000,
157000.000000,
122000.000000,
172000.000000,
141000.000000,
148000.000000,
247000.000000,
226000.000000,
323000.000000,
232000.000000,
269000.000000,
234000.000000,
250000.000000,
240000.000000,
246000.000000,
258000.000000,
213000.000000,
403000.000000,
235000.000000,
265000.000000,
344000.000000,
264000.000000,
264000.000000,
227000.000000,
214000.000000,
225000.000000,
299000.000000,
266000.000000,
259000.000000,
235000.000000,
220000.000000,
